Precision: 0.858364083492864
Recall: 0.8262767465059638
F1 Score: 0.8340848491361765
mAP: 0.05977809336685537
