Precision: 0.8347273290080196
Recall: 0.8439152403393838
F1 Score: 0.8366769765970069
mAP: 0.057973014483793904
